Moment #1:
           t |     true value |     pred value |      abs error |      rel error
--------------------------------------------------------------------------------
  0.0000e+00 |   1.000000e+00 |   9.915583e-01 |   8.441683e-03 |   8.441683e-03
  1.0000e+00 |   5.000000e-01 |   4.990085e-01 |   9.915054e-04 |   1.983011e-03
  2.0000e+00 |   3.333333e-01 |   3.277513e-01 |   5.582022e-03 |   1.674607e-02
  3.0000e+00 |   2.500000e-01 |   2.467090e-01 |   3.291041e-03 |   1.316416e-02
  4.0000e+00 |   2.000000e-01 |   1.953996e-01 |   4.600444e-03 |   2.300222e-02
  5.0000e+00 |   1.666667e-01 |   1.619940e-01 |   4.672714e-03 |   2.803629e-02
  6.0000e+00 |   1.428571e-01 |   1.378914e-01 |   4.965756e-03 |   3.476029e-02
  7.0000e+00 |   1.250000e-01 |   1.219512e-01 |   3.048809e-03 |   2.439048e-02
  8.0000e+00 |   1.111111e-01 |   1.076122e-01 |   3.498871e-03 |   3.148984e-02
  9.0000e+00 |   1.000000e-01 |   9.749003e-02 |   2.509968e-03 |   2.509968e-02
  1.0000e+01 |   9.090909e-02 |   8.778655e-02 |   3.122538e-03 |   3.434792e-02
  1.1000e+01 |   8.333333e-02 |   8.168007e-02 |   1.653263e-03 |   1.983916e-02
  1.2000e+01 |   7.692308e-02 |   7.433132e-02 |   2.591756e-03 |   3.369282e-02
  1.3000e+01 |   7.142857e-02 |   6.812022e-02 |   3.308355e-03 |   4.631697e-02
  1.4000e+01 |   6.666667e-02 |   6.428677e-02 |   2.379894e-03 |   3.569841e-02
  1.5000e+01 |   6.250000e-02 |   6.028428e-02 |   2.215724e-03 |   3.545158e-02
  1.6000e+01 |   5.882353e-02 |   5.730503e-02 |   1.518496e-03 |   2.581443e-02
  1.7000e+01 |   5.555556e-02 |   5.492484e-02 |   6.307189e-04 |   1.135294e-02
  1.8000e+01 |   5.263158e-02 |   5.123526e-02 |   1.396318e-03 |   2.653004e-02
  1.9000e+01 |   5.000000e-02 |   4.849543e-02 |   1.504574e-03 |   3.009148e-02


Moment #2:
           t |     true value |     pred value |      abs error |      rel error
--------------------------------------------------------------------------------
  0.0000e+00 |   2.000000e+00 |   1.968326e+00 |   3.167386e-02 |   1.583693e-02
  1.0000e+00 |   5.000000e-01 |   5.084296e-01 |   8.429614e-03 |   1.685923e-02
  2.0000e+00 |   2.222222e-01 |   2.237580e-01 |   1.535826e-03 |   6.911219e-03
  3.0000e+00 |   1.250000e-01 |   1.247975e-01 |   2.025196e-04 |   1.620157e-03
  4.0000e+00 |   8.000000e-02 |   7.686459e-02 |   3.135408e-03 |   3.919260e-02
  5.0000e+00 |   5.555556e-02 |   2.261420e-02 |   3.294136e-02 |   5.929445e-01
  6.0000e+00 |   4.081633e-02 |   3.725149e-02 |   3.564840e-03 |   8.733857e-02
  7.0000e+00 |   3.125000e-02 |   3.007749e-02 |   1.172515e-03 |   3.752048e-02
  8.0000e+00 |   2.469136e-02 |   2.288482e-02 |   1.806540e-03 |   7.316487e-02
  9.0000e+00 |   2.000000e-02 |   1.894100e-02 |   1.059003e-03 |   5.295013e-02
  1.0000e+01 |   1.652893e-02 |   1.612044e-02 |   4.084867e-04 |   2.471344e-02
  1.1000e+01 |   1.388889e-02 |   1.395291e-02 |   6.401831e-05 |   4.609318e-03
  1.2000e+01 |   1.183432e-02 |   1.106404e-02 |   7.702773e-04 |   6.508843e-02
  1.3000e+01 |   1.020408e-02 |   3.929934e-03 |   6.274147e-03 |   6.148664e-01
  1.4000e+01 |   8.888889e-03 |   8.465905e-03 |   4.229842e-04 |   4.758572e-02
  1.5000e+01 |   7.812500e-03 |   7.142175e-03 |   6.703253e-04 |   8.580163e-02
  1.6000e+01 |   6.920415e-03 |   6.527319e-03 |   3.930963e-04 |   5.680242e-02
  1.7000e+01 |   6.172840e-03 |   6.272455e-03 |   9.961576e-05 |   1.613775e-02
  1.8000e+01 |   5.540166e-03 |   5.509391e-03 |   3.077488e-05 |   5.554866e-03
  1.9000e+01 |   5.000000e-03 |   4.855487e-03 |   1.445127e-04 |   2.890254e-02


Moment #3:
           t |     true value |     pred value |      abs error |      rel error
--------------------------------------------------------------------------------
  0.0000e+00 |   6.000000e+00 |   5.598499e+00 |   4.015014e-01 |   6.691690e-02
  1.0000e+00 |   7.500000e-01 |   7.976553e-01 |   4.765527e-02 |   6.354035e-02
  2.0000e+00 |   2.222222e-01 |   2.394860e-01 |   1.726373e-02 |   7.768678e-02
  3.0000e+00 |   9.375000e-02 |   9.455056e-02 |   8.005636e-04 |   8.539345e-03
  4.0000e+00 |   4.800000e-02 |   4.470398e-02 |   3.296018e-03 |   6.866705e-02
  5.0000e+00 |   2.777778e-02 |  -1.850549e-02 |   4.628327e-02 |   1.666198e+00
  6.0000e+00 |   1.749271e-02 |  -1.633632e-02 |   3.382903e-02 |   1.933893e+00
  7.0000e+00 |   1.171875e-02 |  -2.108073e-02 |   3.279948e-02 |   2.798889e+00
  8.0000e+00 |   8.230453e-03 |  -2.570101e-02 |   3.393146e-02 |   4.122673e+00
  9.0000e+00 |   6.000000e-03 |  -2.411999e-02 |   3.011999e-02 |   5.019999e+00
  1.0000e+01 |   4.507889e-03 |  -2.096719e-02 |   2.547508e-02 |   5.651222e+00
  1.1000e+01 |   3.472222e-03 |  -1.810511e-02 |   2.157733e-02 |   6.214271e+00
  1.2000e+01 |   2.730997e-03 |  -1.320163e-02 |   1.593262e-02 |   5.833996e+00
  1.3000e+01 |   2.186589e-03 |  -8.586495e-04 |   3.045238e-03 |   1.392689e+00
  1.4000e+01 |   1.777778e-03 |  -8.854122e-03 |   1.063190e-02 |   5.980443e+00
  1.5000e+01 |   1.464844e-03 |  -6.446627e-03 |   7.911471e-03 |   5.400897e+00
  1.6000e+01 |   1.221250e-03 |  -5.442976e-03 |   6.664226e-03 |   5.456890e+00
  1.7000e+01 |   1.028807e-03 |  -5.324104e-03 |   6.352910e-03 |   6.175029e+00
  1.8000e+01 |   8.747631e-04 |  -4.214995e-03 |   5.089758e-03 |   5.818442e+00
  1.9000e+01 |   7.500000e-04 |  -3.302454e-03 |   4.052454e-03 |   5.403272e+00


Tail probabilities:
           t |     true value |     pred value |      abs error |      rel error
--------------------------------------------------------------------------------
  1.0000e+00 |   9.998962e-01 |   9.992552e-01 |   6.410672e-04 |   6.411337e-04
  2.0000e+00 |   9.454299e-01 |   9.621601e-01 |   1.673021e-02 |   1.769588e-02
  3.0000e+00 |   6.399036e-01 |   5.992632e-01 |   4.064045e-02 |   6.351026e-02
  4.0000e+00 |   3.090646e-01 |   2.828774e-01 |   2.618715e-02 |   8.473034e-02
  5.0000e+00 |   1.264719e-01 |   1.248419e-01 |   1.629979e-03 |   1.288807e-02
  6.0000e+00 |   4.842482e-02 |   5.452442e-02 |   6.099598e-03 |   1.259601e-01
  7.0000e+00 |   1.808051e-02 |   2.337465e-02 |   5.294137e-03 |   2.928091e-01
  8.0000e+00 |   6.687914e-03 |   9.348154e-03 |   2.660240e-03 |   3.977683e-01
  9.0000e+00 |   2.465305e-03 |   3.314178e-03 |   8.488739e-04 |   3.443282e-01
  1.0000e+01 |   9.076071e-04 |   1.182670e-03 |   2.750627e-04 |   3.030636e-01


Laplace values:
           t |     true value |     pred value |      abs error |      rel error
--------------------------------------------------------------------------------
  1.0000e+00 |   4.761905e-02 |   5.005265e-02 |   2.433604e-03 |   5.110568e-02
  2.0000e+00 |   4.329004e-03 |   4.734602e-03 |   4.055974e-04 |   9.369301e-02
  3.0000e+00 |   5.646527e-04 |   6.408786e-04 |   7.622591e-05 |   1.349961e-01
  4.0000e+00 |   9.410879e-05 |   1.104470e-04 |   1.633821e-05 |   1.736099e-01
  5.0000e+00 |   1.882176e-05 |   2.316281e-05 |   4.341055e-06 |   2.306402e-01
