Moment #1:
           t |     true value |     pred value |      abs error |      rel error
--------------------------------------------------------------------------------
  0.0000e+00 |   1.000000e+00 |   9.880205e-01 |   1.197952e-02 |   1.197952e-02
  1.0000e+00 |   5.000000e-01 |   4.925907e-01 |   7.409287e-03 |   1.481857e-02
  2.0000e+00 |   3.333333e-01 |   3.327789e-01 |   5.544768e-04 |   1.663430e-03
  3.0000e+00 |   2.500000e-01 |   2.515519e-01 |   1.551852e-03 |   6.207409e-03
  4.0000e+00 |   2.000000e-01 |   2.010750e-01 |   1.074980e-03 |   5.374899e-03
  5.0000e+00 |   1.666667e-01 |   1.671417e-01 |   4.750484e-04 |   2.850290e-03
  6.0000e+00 |   1.428571e-01 |   1.424440e-01 |   4.131576e-04 |   2.892104e-03
  7.0000e+00 |   1.250000e-01 |   1.229814e-01 |   2.018644e-03 |   1.614915e-02
  8.0000e+00 |   1.111111e-01 |   1.094070e-01 |   1.704068e-03 |   1.533662e-02
  9.0000e+00 |   1.000000e-01 |   9.855630e-02 |   1.443701e-03 |   1.443701e-02


Moment #2:
           t |     true value |     pred value |      abs error |      rel error
--------------------------------------------------------------------------------
  0.0000e+00 |   2.000000e+00 |   1.900336e+00 |   9.966427e-02 |   4.983213e-02
  1.0000e+00 |   5.000000e-01 |   4.779270e-01 |   2.207301e-02 |   4.414602e-02
  2.0000e+00 |   2.222222e-01 |   2.228790e-01 |   6.567758e-04 |   2.955491e-03
  3.0000e+00 |   1.250000e-01 |   1.284021e-01 |   3.402136e-03 |   2.721709e-02
  4.0000e+00 |   8.000000e-02 |   8.294722e-02 |   2.947219e-03 |   3.684023e-02
  5.0000e+00 |   5.555556e-02 |   5.792089e-02 |   2.365336e-03 |   4.257605e-02
  6.0000e+00 |   4.081633e-02 |   4.168604e-02 |   8.697157e-04 |   2.130803e-02
  7.0000e+00 |   3.125000e-02 |   3.023552e-02 |   1.014484e-03 |   3.246349e-02
  8.0000e+00 |   2.469136e-02 |   2.356401e-02 |   1.127351e-03 |   4.565771e-02
  9.0000e+00 |   2.000000e-02 |   1.989304e-03 |   1.801070e-02 |   9.005348e-01


Moment #3:
           t |     true value |     pred value |      abs error |      rel error
--------------------------------------------------------------------------------
  0.0000e+00 |   6.000000e+00 |   5.459422e+00 |   5.405783e-01 |   9.009639e-02
  1.0000e+00 |   7.500000e-01 |   6.638636e-01 |   8.613636e-02 |   1.148485e-01
  2.0000e+00 |   2.222222e-01 |   2.223873e-01 |   1.650849e-04 |   7.428820e-04
  3.0000e+00 |   9.375000e-02 |   9.956858e-02 |   5.818581e-03 |   6.206487e-02
  4.0000e+00 |   4.800000e-02 |   5.120163e-02 |   3.201627e-03 |   6.670057e-02
  5.0000e+00 |   2.777778e-02 |   2.594670e-02 |   1.831081e-03 |   6.591892e-02
  6.0000e+00 |   1.749271e-02 |   7.765491e-03 |   9.727221e-03 |   5.560728e-01
  7.0000e+00 |   1.171875e-02 |  -1.232186e-02 |   2.404061e-02 |   2.051466e+00
  8.0000e+00 |   8.230453e-03 |  -2.343787e-02 |   3.166832e-02 |   3.847701e+00
  9.0000e+00 |   6.000000e-03 |   1.450876e-04 |   5.854912e-03 |   9.758187e-01


Tail probabilities:
           t |     true value |     pred value |      abs error |      rel error
--------------------------------------------------------------------------------
  1.0000e+00 |   9.898141e-01 |   9.924870e-01 |   2.672848e-03 |   2.700353e-03
  2.0000e+00 |   7.663976e-01 |   7.665825e-01 |   1.849300e-04 |   2.412977e-04
  3.0000e+00 |   3.999197e-01 |   3.869057e-01 |   1.301404e-02 |   3.254162e-02
  4.0000e+00 |   1.687748e-01 |   1.635563e-01 |   5.218418e-03 |   3.091942e-02
  5.0000e+00 |   6.537275e-02 |   6.603491e-02 |   6.621610e-04 |   1.012901e-02
  6.0000e+00 |   2.451285e-02 |   2.583277e-02 |   1.319920e-03 |   5.384605e-02
  7.0000e+00 |   9.081492e-03 |   8.749157e-03 |   3.323345e-04 |   3.659471e-02
  8.0000e+00 |   3.349567e-03 |   1.790265e-03 |   1.559302e-03 |   4.655235e-01
  9.0000e+00 |   1.233413e-03 |  -4.581735e-04 |   1.691586e-03 |   1.371468e+00
  1.0000e+01 |   4.539066e-04 |  -9.728055e-04 |   1.426712e-03 |   3.143185e+00


Laplace values:
           t |     true value |     pred value |      abs error |      rel error
--------------------------------------------------------------------------------
  1.0000e+00 |   9.090909e-02 |   9.165577e-02 |   7.466761e-04 |   8.213437e-03
  2.0000e+00 |   1.515152e-02 |   1.533509e-02 |   1.835712e-04 |   1.211570e-02
  3.0000e+00 |   3.496503e-03 |   3.553068e-03 |   5.656402e-05 |   1.617731e-02
  4.0000e+00 |   9.990010e-04 |   1.018323e-03 |   1.932210e-05 |   1.934142e-02
  5.0000e+00 |   3.330003e-04 |   3.415357e-04 |   8.535379e-06 |   2.563174e-02
