Moment #1:
           t |     true value |     pred value |      abs error |      rel error
--------------------------------------------------------------------------------
  0.0000e+00 |   2.000000e+00 |   1.378554e+00 |   6.214459e-01 |   3.107229e-01
  1.0000e+00 |   1.000000e+00 |   6.846591e-01 |   3.153409e-01 |   3.153409e-01
  2.0000e+00 |   6.666667e-01 |   4.916460e-01 |   1.750206e-01 |   2.625309e-01
  3.0000e+00 |   5.000000e-01 |   4.135290e-01 |   8.647098e-02 |   1.729420e-01
  4.0000e+00 |   4.000000e-01 |   3.683087e-01 |   3.169132e-02 |   7.922831e-02
  5.0000e+00 |   3.333333e-01 |   3.477428e-01 |   1.440943e-02 |   4.322828e-02
  6.0000e+00 |   2.857143e-01 |   3.404893e-01 |   5.477498e-02 |   1.917124e-01
  7.0000e+00 |   2.500000e-01 |   3.292766e-01 |   7.927655e-02 |   3.171062e-01
  8.0000e+00 |   2.222222e-01 |   3.289147e-01 |   1.066925e-01 |   4.801164e-01
  9.0000e+00 |   2.000000e-01 |   3.258309e-01 |   1.258309e-01 |   6.291544e-01
  1.0000e+01 |   1.818182e-01 |   3.168571e-01 |   1.350389e-01 |   7.427141e-01
  1.1000e+01 |   1.666667e-01 |   3.153905e-01 |   1.487238e-01 |   8.923427e-01
  1.2000e+01 |   1.538462e-01 |   3.179391e-01 |   1.640929e-01 |   1.066604e+00
  1.3000e+01 |   1.428571e-01 |   3.168078e-01 |   1.739507e-01 |   1.217655e+00
  1.4000e+01 |   1.333333e-01 |   3.153898e-01 |   1.820565e-01 |   1.365423e+00
  1.5000e+01 |   1.250000e-01 |   3.165605e-01 |   1.915605e-01 |   1.532484e+00
  1.6000e+01 |   1.176471e-01 |   3.179580e-01 |   2.003110e-01 |   1.702643e+00
  1.7000e+01 |   1.111111e-01 |   3.145260e-01 |   2.034149e-01 |   1.830734e+00
  1.8000e+01 |   1.052632e-01 |   3.113257e-01 |   2.060625e-01 |   1.957594e+00
  1.9000e+01 |   1.000000e-01 |   3.140272e-01 |   2.140272e-01 |   2.140272e+00
  2.0000e+01 |   9.523810e-02 |   3.189218e-01 |   2.236837e-01 |   2.348679e+00
  2.1000e+01 |   9.090909e-02 |   3.200862e-01 |   2.291771e-01 |   2.520949e+00
  2.2000e+01 |   8.695652e-02 |   3.179373e-01 |   2.309807e-01 |   2.656279e+00
  2.3000e+01 |   8.333333e-02 |   3.193039e-01 |   2.359706e-01 |   2.831647e+00
  2.4000e+01 |   8.000000e-02 |   3.227761e-01 |   2.427761e-01 |   3.034701e+00
  2.5000e+01 |   7.692308e-02 |   3.241001e-01 |   2.471770e-01 |   3.213301e+00
  2.6000e+01 |   7.407407e-02 |   3.231183e-01 |   2.490442e-01 |   3.362097e+00
  2.7000e+01 |   7.142857e-02 |   3.251991e-01 |   2.537706e-01 |   3.552788e+00
  2.8000e+01 |   6.896552e-02 |   3.259988e-01 |   2.570333e-01 |   3.726983e+00
  2.9000e+01 |   6.666667e-02 |   3.262157e-01 |   2.595490e-01 |   3.893235e+00


Moment #2:
           t |     true value |     pred value |      abs error |      rel error
--------------------------------------------------------------------------------
  0.0000e+00 |   8.000000e+00 |   3.641725e+00 |   4.358275e+00 |   5.447843e-01
  1.0000e+00 |   2.000000e+00 |   8.976079e-01 |   1.102392e+00 |   5.511960e-01
  2.0000e+00 |   8.888889e-01 |   5.045781e-01 |   3.843108e-01 |   4.323496e-01
  3.0000e+00 |   5.000000e-01 |   3.751588e-01 |   1.248412e-01 |   2.496823e-01
  4.0000e+00 |   3.200000e-01 |   3.247149e-01 |   4.714858e-03 |   1.473393e-02
  5.0000e+00 |   2.222222e-01 |   3.086116e-01 |   8.638939e-02 |   3.887523e-01
  6.0000e+00 |   1.632653e-01 |   2.984949e-01 |   1.352296e-01 |   8.282814e-01
  7.0000e+00 |   1.250000e-01 |   2.933013e-01 |   1.683013e-01 |   1.346411e+00
  8.0000e+00 |   9.876543e-02 |   2.980442e-01 |   1.992787e-01 |   2.017697e+00
  9.0000e+00 |   8.000000e-02 |   2.734460e-01 |   1.934460e-01 |   2.418075e+00
  1.0000e+01 |   6.611570e-02 |   2.596299e-01 |   1.935142e-01 |   2.926902e+00
  1.1000e+01 |   5.555556e-02 |   2.741247e-01 |   2.185691e-01 |   3.934244e+00
  1.2000e+01 |   4.733728e-02 |   2.603803e-01 |   2.130431e-01 |   4.500535e+00
  1.3000e+01 |   4.081633e-02 |   2.532513e-01 |   2.124350e-01 |   5.204657e+00
  1.4000e+01 |   3.555556e-02 |   2.522170e-01 |   2.166614e-01 |   6.093602e+00
  1.5000e+01 |   3.125000e-02 |   2.514294e-01 |   2.201794e-01 |   7.045742e+00
  1.6000e+01 |   2.768166e-02 |   2.707780e-01 |   2.430964e-01 |   8.781857e+00
  1.7000e+01 |   2.469136e-02 |   2.501065e-01 |   2.254151e-01 |   9.129312e+00
  1.8000e+01 |   2.216066e-02 |   2.533122e-01 |   2.311515e-01 |   1.043071e+01
  1.9000e+01 |   2.000000e-02 |   2.494480e-01 |   2.294480e-01 |   1.147240e+01
  2.0000e+01 |   1.814059e-02 |   2.619323e-01 |   2.437917e-01 |   1.343902e+01
  2.1000e+01 |   1.652893e-02 |   2.579091e-01 |   2.413802e-01 |   1.460350e+01
  2.2000e+01 |   1.512287e-02 |   2.584921e-01 |   2.433692e-01 |   1.609279e+01
  2.3000e+01 |   1.388889e-02 |   2.604356e-01 |   2.465467e-01 |   1.775137e+01
  2.4000e+01 |   1.280000e-02 |   2.715662e-01 |   2.587662e-01 |   2.021611e+01
  2.5000e+01 |   1.183432e-02 |   2.772668e-01 |   2.654325e-01 |   2.242904e+01
  2.6000e+01 |   1.097394e-02 |   2.647124e-01 |   2.537385e-01 |   2.312192e+01
  2.7000e+01 |   1.020408e-02 |   2.734218e-01 |   2.632178e-01 |   2.579534e+01
  2.8000e+01 |   9.512485e-03 |   2.802954e-01 |   2.707830e-01 |   2.846606e+01
  2.9000e+01 |   8.888889e-03 |   2.676946e-01 |   2.588057e-01 |   2.911565e+01


Moment #3:
           t |     true value |     pred value |      abs error |      rel error
--------------------------------------------------------------------------------
  0.0000e+00 |   4.800000e+01 |   1.469548e+01 |   3.330452e+01 |   6.938441e-01
  1.0000e+00 |   6.000000e+00 |   1.908077e+00 |   4.091923e+00 |   6.819872e-01
  2.0000e+00 |   1.777778e+00 |   8.137358e-01 |   9.640420e-01 |   5.422736e-01
  3.0000e+00 |   7.500000e-01 |   5.830077e-01 |   1.669923e-01 |   2.226564e-01
  4.0000e+00 |   3.840000e-01 |   4.629338e-01 |   7.893377e-02 |   2.055567e-01
  5.0000e+00 |   2.222222e-01 |   4.163400e-01 |   1.941178e-01 |   8.735302e-01
  6.0000e+00 |   1.399417e-01 |   4.231308e-01 |   2.831891e-01 |   2.023622e+00
  7.0000e+00 |   9.375000e-02 |   4.110910e-01 |   3.173410e-01 |   3.384971e+00
  8.0000e+00 |   6.584362e-02 |   4.186647e-01 |   3.528211e-01 |   5.358470e+00
  9.0000e+00 |   4.800000e-02 |   4.065842e-01 |   3.585842e-01 |   7.470504e+00
  1.0000e+01 |   3.606311e-02 |   4.194582e-01 |   3.833951e-01 |   1.063123e+01
  1.1000e+01 |   2.777778e-02 |   4.177336e-01 |   3.899558e-01 |   1.403841e+01
  1.2000e+01 |   2.184797e-02 |   4.282979e-01 |   4.064499e-01 |   1.860355e+01
  1.3000e+01 |   1.749271e-02 |   4.174970e-01 |   4.000043e-01 |   2.286691e+01
  1.4000e+01 |   1.422222e-02 |   4.104746e-01 |   3.962523e-01 |   2.786149e+01
  1.5000e+01 |   1.171875e-02 |   4.376264e-01 |   4.259077e-01 |   3.634412e+01
  1.6000e+01 |   9.769998e-03 |   4.317854e-01 |   4.220154e-01 |   4.319504e+01
  1.7000e+01 |   8.230453e-03 |   4.035877e-01 |   3.953572e-01 |   4.803590e+01
  1.8000e+01 |   6.998105e-03 |   4.175574e-01 |   4.105593e-01 |   5.866722e+01
  1.9000e+01 |   6.000000e-03 |   4.481528e-01 |   4.421528e-01 |   7.369214e+01
  2.0000e+01 |   5.183026e-03 |   4.357349e-01 |   4.305519e-01 |   8.306960e+01
  2.1000e+01 |   4.507889e-03 |   4.507821e-01 |   4.462742e-01 |   9.899850e+01
  2.2000e+01 |   3.945097e-03 |   4.570966e-01 |   4.531515e-01 |   1.148645e+02
  2.3000e+01 |   3.472222e-03 |   4.478581e-01 |   4.443859e-01 |   1.279831e+02
  2.4000e+01 |   3.072000e-03 |   4.398702e-01 |   4.367982e-01 |   1.421869e+02
  2.5000e+01 |   2.730997e-03 |   4.336866e-01 |   4.309556e-01 |   1.578016e+02
  2.6000e+01 |   2.438653e-03 |   4.289430e-01 |   4.265044e-01 |   1.748935e+02
  2.7000e+01 |   2.186589e-03 |   4.412628e-01 |   4.390762e-01 |   2.008042e+02
  2.8000e+01 |   1.968100e-03 |   4.340683e-01 |   4.321002e-01 |   2.195519e+02
  2.9000e+01 |   1.777778e-03 |   4.270013e-01 |   4.252235e-01 |   2.391882e+02


Tail probabilities:
           t |     true value |     pred value |      abs error |      rel error
--------------------------------------------------------------------------------
  1.0000e+00 |   1.000000e+00 |   9.999189e-01 |   8.106204e-05 |   8.106204e-05
  2.0000e+00 |   9.999989e-01 |   1.003363e+00 |   3.363712e-03 |   3.363716e-03
  3.0000e+00 |   9.994866e-01 |   9.915400e-01 |   7.946654e-03 |   7.950736e-03
  4.0000e+00 |   9.872523e-01 |   1.027039e+00 |   3.978628e-02 |   4.030002e-02
  5.0000e+00 |   9.234273e-01 |   8.891859e-01 |   3.424138e-02 |   3.708076e-02
  6.0000e+00 |   7.839133e-01 |   1.029070e+00 |   2.451566e-01 |   3.127344e-01
  7.0000e+00 |   6.014337e-01 |   1.081503e+00 |   4.800692e-01 |   7.982080e-01
  8.0000e+00 |   4.256770e-01 |   8.727207e-01 |   4.470437e-01 |   1.050194e+00
  9.0000e+00 |   2.847584e-01 |   4.977822e-01 |   2.130238e-01 |   7.480863e-01
  1.0000e+01 |   1.835768e-01 |   4.431028e-01 |   2.595260e-01 |   1.413719e+00


Laplace values:
           t |     true value |     pred value |      abs error |      rel error
--------------------------------------------------------------------------------
  1.0000e+00 |   2.016129e-03 |   1.003656e-04 |   1.915763e-03 |   9.502187e-01
  2.0000e+00 |   2.156288e-05 |   1.310628e-07 |   2.143181e-05 |   9.939218e-01
  3.0000e+00 |   5.134018e-07 |   6.015902e-10 |   5.128003e-07 |   9.988282e-01
  4.0000e+00 |   2.044844e-08 |   6.133330e-12 |   2.044230e-08 |   9.997001e-01
  5.0000e+00 |   1.179718e-09 |   1.219272e-13 |   1.179596e-09 |   9.998966e-01
Tail probabilities:
           t |     true value |     pred value |      abs error |      rel error
--------------------------------------------------------------------------------
  1.0000e+00 |   9.999989e-01 |   1.001791e+00 |   1.792057e-03 |   1.792059e-03
  2.0000e+00 |   9.872523e-01 |   1.014578e+00 |   2.732557e-02 |   2.767841e-02
  3.0000e+00 |   7.839133e-01 |   7.084284e-01 |   7.548489e-02 |   9.629240e-02
  4.0000e+00 |   4.256770e-01 |   3.514314e-01 |   7.424568e-02 |   1.744179e-01
  5.0000e+00 |   1.835768e-01 |   1.596172e-01 |   2.395966e-02 |   1.305157e-01
  6.0000e+00 |   7.175065e-02 |   7.166588e-02 |   8.476220e-05 |   1.181344e-03
  7.0000e+00 |   2.699780e-02 |   3.157693e-02 |   4.579128e-03 |   1.696111e-01
  8.0000e+00 |   1.001508e-02 |   1.280950e-02 |   2.794421e-03 |   2.790214e-01
  9.0000e+00 |   3.695677e-03 |   4.443258e-03 |   7.475813e-04 |   2.022854e-01
  1.0000e+01 |   1.361102e-03 |   1.441650e-03 |   8.054842e-05 |   5.917884e-02


Laplace values:
           t |     true value |     pred value |      abs error |      rel error
--------------------------------------------------------------------------------
  1.0000e+00 |   3.225806e-02 |   3.711238e-02 |   4.854315e-03 |   1.504838e-01
  2.0000e+00 |   2.016129e-03 |   2.583701e-03 |   5.675715e-04 |   2.815155e-01
  3.0000e+00 |   1.832845e-04 |   2.580563e-04 |   7.477185e-05 |   4.079552e-01
  4.0000e+00 |   2.156288e-05 |   3.283315e-05 |   1.127028e-05 |   5.226704e-01
  5.0000e+00 |   3.080411e-06 |   5.051004e-06 |   1.970593e-06 |   6.397174e-01
